              precision    recall  f1-score   support

       *-ITN     0.6667    0.4000    0.5000         5
       *-SVY     0.7692    0.7143    0.7407        14
        *BEA     0.6494    0.6667    0.6579       150
    *BEA/BEC     0.0000    0.0000    0.0000         1
        *CTH     0.6429    0.6000    0.6207        15
        *MRE     0.6176    0.6000    0.6087        35
        *SFV     1.0000    1.0000    1.0000         1
        *STO     0.3889    0.3500    0.3684        20
        *UOE     0.0000    0.0000    0.0000         1
        -CLO     0.5000    0.1667    0.2500         6
        -IFT     1.0000    1.0000    1.0000         1
        -IFU     1.0000    1.0000    1.0000         1
        -ITV     0.5556    0.8333    0.6667         6
        -LIT     0.3333    0.3333    0.3333         3
        -SVR     0.3333    1.0000    0.5000         1
         ABW     0.8333    0.4167    0.5556        12
         AEI     0.7778    0.5385    0.6364        39
     AEI/CHA     0.0000    0.0000    0.0000         1
         AEL     0.6852    0.6852    0.6852        54
         AEN     0.7200    0.5455    0.6207        33
         AFI     0.6641    0.6489    0.6564       131
         AFN     1.0000    0.5000    0.6667         2
         AFO     0.6667    0.5000    0.5714         8
         AFR     0.0000    0.0000    0.0000         4
         AFS     0.0000    0.0000    0.0000         2
         AFV     1.0000    1.0000    1.0000         2
         AFX     0.8889    1.0000    0.9412         8
         AHT     0.0000    0.0000    0.0000         1
         ANA     0.2500    0.1515    0.1887        33
         APC     0.0000    0.0000    0.0000         0
         APD     0.0000    0.0000    0.0000         0
         AST     0.6000    0.5455    0.5714        33
      ASU-14     0.0000    0.0000    0.0000         3
         ASV     0.0000    0.0000    0.0000         1
         ATN     1.0000    0.7500    0.8571         4
         ATO     0.7083    0.7391    0.7234        23
         ATS     0.6667    0.8000    0.7273        10
         AVE     0.0000    0.0000    0.0000         1
         AVL     0.5000    1.0000    0.6667         2
         AWO     0.7500    0.3333    0.4615         9
         AWW     0.0000    0.0000    0.0000         0
         BCT     0.0000    0.0000    0.0000         0
         BEC     0.5000    0.6429    0.5625        28
         BOG     0.0000    0.0000    0.0000         1
         BPH     0.0000    0.0000    0.0000         5
         BSV     0.0000    0.0000    0.0000         2
         CAN     0.5000    0.1667    0.2500         6
         CDO     0.0000    0.0000    0.0000         1
         CFI     0.5556    0.6250    0.5882         8
         CGS     1.0000    0.5000    0.6667         6
         CHA     0.7460    0.7872    0.7660       235
     CHA/AEI     0.0000    0.0000    0.0000         1
         CON     1.0000    0.5714    0.7273        14
         CSV     0.8333    0.7143    0.7692         7
         CZP     0.0000    0.0000    0.0000         0
         DDR     0.5294    0.5294    0.5294        17
         DFO     0.0000    0.0000    0.0000         0
         DFT     0.0000    0.0000    0.0000         1
         DOH     0.5455    0.4615    0.5000        13
         EAB     0.0000    0.0000    0.0000         1
         EDI     0.6000    0.7500    0.6667         4
         EMT     0.6429    0.7500    0.6923        24
         EON     0.0000    0.0000    0.0000         1
         ERI     0.6154    0.5333    0.5714        15
     ERI/OFF     0.5333    0.7273    0.6154        11
         ETL     0.0000    0.0000    0.0000         1
         ETV     0.0000    0.0000    0.0000         1
         EUO     0.6190    0.5000    0.5532        26
         EWS     0.0000    0.0000    0.0000         1
         EZT     0.0000    0.0000    0.0000         0
         FAU     0.6296    0.5730    0.6000        89
     FAU/EMT     0.0000    0.0000    0.0000         0
         FER     0.4872    0.4872    0.4872        39
      Failed     0.7991    0.8349    0.8166      3253
         GIS     0.4643    0.5000    0.4815        26
         GME     0.2500    0.3333    0.2857         3
         HEU     0.0000    0.0000    0.0000         0
         IFO     0.0000    0.0000    0.0000         1
         IFR     0.7692    0.7143    0.7407        14
         IFW     1.0000    1.0000    1.0000         1
         IHW     1.0000    1.0000    1.0000         1
         IMF     0.7778    0.7778    0.7778         9
         IRR     0.6154    0.8000    0.6957        10
         ISV     0.6154    0.5333    0.5714        15
     ISV/BEC     0.0000    0.0000    0.0000        12
         ITE     0.5556    0.4167    0.4762        12
         ITG     0.0000    0.0000    0.0000         1
         ITH     0.8095    0.6296    0.7083        27
      ITQ-21     0.4400    0.6471    0.5238        17
      ITQ-43     0.5000    0.2500    0.3333         4
         ITR     1.0000    1.0000    1.0000         3
         ITT     1.0000    0.2857    0.4444         7
         ITW     0.8333    0.6667    0.7407        15
         IWR     0.6452    0.7692    0.7018        26
         IWS     0.0000    0.0000    0.0000         1
         IWV     0.7500    0.7500    0.7500         4
         IWW     0.2500    0.4545    0.3226        11
         JBW     0.0000    0.0000    0.0000         2
         JST     0.5000    1.0000    0.6667         1
         JSW     0.0000    0.0000    0.0000         1
         KFI     1.0000    0.7500    0.8571         4
         LEV     0.7097    0.5366    0.6111        41
         LOS     0.5000    0.5000    0.5000         4
         LTA     0.8030    0.6310    0.7067        84
         LTL     0.8333    0.5556    0.6667        18
         MAZ     0.4286    0.3750    0.4000         8
         MEI     0.4000    0.7500    0.5217         8
         MEL     0.6452    0.5714    0.6061        35
     MEL/MFI     1.0000    0.2857    0.4444         7
         MER     0.5000    0.2222    0.3077         9
         MFI     0.8263    0.8325    0.8294       400
     MFI/MEL     0.5000    1.0000    0.6667         4
         MFS     0.5000    0.5000    0.5000         2
         MOR     0.7534    0.6548    0.7006        84
         MOZ     0.0000    0.0000    0.0000         1
         MRT     0.6500    0.8125    0.7222        16
         MSE     0.4000    0.6667    0.5000         3
         MSO     0.3333    1.0000    0.5000         1
         MTF     0.5000    0.5000    0.5000         6
         MTN     0.8571    0.6000    0.7059        10
         MTT     0.7027    0.6667    0.6842        39
         MTW     0.5116    0.4835    0.4972        91
         MWF     1.0000    1.0000    1.0000         2
         MWW     0.7634    0.7978    0.7802        89
         NAT     1.0000    0.6667    0.8000         3
         NES     0.5000    0.2000    0.2857         5
         NON     0.5185    0.5000    0.5091        28
         NSI     1.0000    0.8000    0.8889         5
       NUD-1     0.0000    0.0000    0.0000         2
         OFF     0.5714    0.6667    0.6154         6
         OWE     1.0000    1.0000    1.0000         1
         PAU     0.6667    0.4000    0.5000         5
         PHI     0.2500    0.1667    0.2000         6
         PON     0.0000    0.0000    0.0000         4
         PWW     0.6667    0.4000    0.5000         5
         RHO     0.6250    0.6250    0.6250         8
         RSN     0.0000    0.0000    0.0000         1
         RTH     0.7333    0.6875    0.7097        16
         RUT     0.2500    0.2500    0.2500         4
     RUT/RTH     0.0000    0.0000    0.0000         1
         RWY     1.0000    1.0000    1.0000         1
         SAF     0.0000    0.0000    0.0000         2
         SAS     0.5000    0.5000    0.5000         4
         SAV     0.7778    0.7778    0.7778         9
         SBE     0.5000    1.0000    0.6667         1
         SBN     0.0000    0.0000    0.0000         0
         SFE     0.0000    0.0000    0.0000         2
         SFF     0.0000    0.0000    0.0000         1
         SFG     1.0000    1.0000    1.0000         1
         SFO     1.0000    0.3750    0.5455         8
         SFS     1.0000    1.0000    1.0000         1
         SFW     1.0000    0.5000    0.6667         2
         SGT     0.0000    0.0000    0.0000         1
         SOD     0.4091    0.3214    0.3600        28
         SOF     0.0000    0.0000    0.0000         1
         SOS     0.0000    0.0000    0.0000         1
         SSY     0.0000    0.0000    0.0000         4
         STF     0.7317    0.7692    0.7500        39
     STF/SFF     0.0000    0.0000    0.0000         1
         STI     0.0000    0.0000    0.0000         0
         STT     0.3333    0.1429    0.2000         7
         STW     0.5652    0.6500    0.6047        20
       SU-74     0.0000    0.0000    0.0000         0
         SVV     1.0000    1.0000    1.0000         1
         SWY     0.0000    0.0000    0.0000         1
      SYSU-3     0.0000    0.0000    0.0000         1
         SZR     0.6923    0.8182    0.7500        11
         THO     0.0000    0.0000    0.0000         2
         TON     0.6744    0.6304    0.6517        46
     TON/MTT     1.0000    0.8333    0.9091         6
         TUN     0.8750    1.0000    0.9333         7
         UFI     1.0000    0.5000    0.6667         2
         UOS     0.0000    0.0000    0.0000         1
         UOV     1.0000    0.6667    0.8000         3
         UOZ     1.0000    0.5000    0.6667         2
         UTL     0.5556    0.8000    0.6557        25
         UWY     1.0000    1.0000    1.0000         2
         VET     0.3000    0.4286    0.3529         7
         VFI     1.0000    0.3333    0.5000         3
         YFI     0.5000    1.0000    0.6667         1
         ZON     0.5000    1.0000    0.6667         1

    accuracy                         0.7434      6033
   macro avg     0.4801    0.4481    0.4461      6033
weighted avg     0.7387    0.7434    0.7373      6033
